nmodules 14



################### DECODE INFO ########################################################################
## Channel maps for decoding explained                                                                ##
## Each entry corresponds to one APV card                                                             ## 
## Crate = ROC ID = 2 and 4  for SBS VTP                                                              ##
## Slot = 11 for BigBite VTP                                                                          ##
## fiber/mpd is fiber number for an MPD module, this is unique for each module within a VTP/SSP       ##
## gemid is unique "production ID" of a GEM module, not currently used by analysis but useful         ##
## for bookkeeping/tracking                                                                           ##
## adc_ch is the unique adc channel of this APV card within its associated MPD                        ##
## i2c is the "i2c address" of this APV card (not currently used by analysis)                         ##
## pos maps APV cards to physical locations on the detector                                           ##
## invert specifies whether strip index runs from "right-to-left" or "left-to-right" within an APV    ##
## axis specifies which strip orientation/dimension of the readout strips connected to this APV       ##
## ORDER of entries in the maps is:                                                                   ##
## vtpcrate  slot  fiber  gemid  adc_ch   i2c   pos     invert   axis                              ##
########################################################################################################

#Front Layer (L1 - m0): UVAXW L1 (vtp5)
## vtpcrate  slot    fiber   gemid    adc_ch   i2c     pos   invert   axis  
m0.chanmap
     58      11       0     100       0       3       0       0       0
     58      11       0     100       1       2       1       0       0
     58      11       0     100       2       1       2       0       0
     58      11       0     100       3       0       3       0       0
     58      11       0     100       4       7       4       0       0
     58      11       0     100       5       6       5       0       0
     58      11       0     100       6       5       6       0       0
     58      11       0     100       7       4       7       0       0
     58      11       0     100       8      11      11       0       0
     58      11       0     100       9      10      12       0       0
     58      11       0     100      10       9      13       0       0
     58      11       0     100      11       8      14       0       0
     58      11       0     100      12      14      15       0       0
     58      11       0     100      13      13      16       0       0
     58      11       0     100      14      12      17       0       0
     58      11       1     100       0       2      18       0       0
     58      11       1     100       1       1      19       0       0
     58      11       1     100       2       0      20       0       0
     58      11       1     100       4       7      21       0       0
     58      11       1     100       5       6      22       0       0
     58      11       1     100       6       5      23       0       0
     58      11       1     100       7       4      24       0       0
     58      11       1     100       8      11      25       0       0
     58      11       1     100       9      10      26       0       0
     58      11       1     100      10       9      27       0       0
     58      11       1     100      11       8      28       0       0
     58      11       1     100      12      14      26       1       1
     58      11       1     100      13      13      25       1       1
     58      11       1     100      14      12      24       1       1
     58      11       2     100       3       0       0       1       1
     58      11       2     100       2       1       1       1       1
     58      11       2     100       1       2       2       1       1
     58      11       2     100       0       3       3       1       1
     58      11       2     100       7       4       4       1       1
     58      11       2     100       6       5       5       1       1
     58      11       2     100       5       6       6       1       1
     58      11       2     100       4       7       7       1       1
     58      11       2     100      14      12       8       1       0
     58      11       2     100      13      13       9       1       0
     58      11       2     100      12      14      10       1       0
     58      11       2     100      11       8       8       1       1
     58      11       2     100      10       9       9       1       1
     58      11       2     100       9      10      10       1       1
     58      11       2     100       8      11      11       1       1
     58      11       3     100       3       0      12       1       1
     58      11       3     100       2       1      13       1       1
     58      11       3     100       1       2      14       1       1
     58      11       3     100       0       3      15       1       1
     58      11       3     100       7       4      16       1       1
     58      11       3     100       6       5      17       1       1
     58      11       3     100       5       6      18       1       1
     58      11       3     100       4       7      19       1       1
     58      11       3     100      13      13      29       1       0
     58      11       3     100      12      14      30       1       0
     58      11       3     100      11       8      20       1       1
     58      11       3     100      10       9      21       1       1
     58      11       3     100       9      10      22       1       1
     58      11       3     100       8      11      23       1       1

#Front Layer (L1 - m0): UVAXW L1 (vtp5)
## vtpcrate  slot  fiber  gemid  adc_ch   i2c   pos     invert   axis 
m1.chanmap
     58      11       4     110       0       3       0       0       0
     58      11       4     110       1       2       1       0       0
     58      11       4     110       2       1       2       0       0
     58      11       4     110       3       0       3       0       0
     58      11       4     110       4       7       4       0       0
     58      11       4     110       5       6       5       0       0
     58      11       4     110       6       5       6       0       0
     58      11       4     110       7       4       7       0       0
     58      11       4     110       8      11      11       0       0
     58      11       4     110       9      10      12       0       0
     58      11       4     110      10       9      13       0       0
     58      11       4     110      11       8      14       0       0
     58      11       4     110      12      14      15       0       0
     58      11       4     110      13      13      16       0       0
     58      11       4     110      14      12      17       0       0
     58      11       5     110       0       2      18       0       0
     58      11       5     110       1       1      19       0       0
     58      11       5     110       2       0      20       0       0
     58      11       5     110       4       7      21       0       0
     58      11       5     110       5       6      22       0       0
     58      11       5     110       6       5      23       0       0
     58      11       5     110       7       4      24       0       0
     58      11       5     110       8      11      25       0       0
     58      11       5     110       9      10      26       0       0
     58      11       5     110      10       9      27       0       0
     58      11       5     110      11       8      28       0       0
     58      11       5     110      12      14      26       1       1
     58      11       5     110      13      13      25       1       1
     58      11       5     110      14      12      24       1       1
     58      11       6     110       3       0       0       1       1
     58      11       6     110       2       1       1       1       1
     58      11       6     110       1       2       2       1       1
     58      11       6     110       0       3       3       1       1
     58      11       6     110       7       4       4       1       1
     58      11       6     110       6       5       5       1       1
     58      11       6     110       5       6       6       1       1
     58      11       6     110       4       7       7       1       1
     58      11       6     110      14      12       8       1       0
     58      11       6     110      13      13       9       1       0
     58      11       6     110      12      14      10       1       0
     58      11       6     110      11       8       8       1       1
     58      11       6     110      10       9       9       1       1
     58      11       6     110       9      10      10       1       1
     58      11       6     110       8      11      11       1       1
     58      11       7     110       3       0      12       1       1
     58      11       7     110       2       1      13       1       1
     58      11       7     110       1       2      14       1       1
     58      11       7     110       0       3      15       1       1
     58      11       7     110       7       4      16       1       1
     58      11       7     110       6       5      17       1       1
     58      11       7     110       5       6      18       1       1
     58      11       7     110       4       7      19       1       1
     58      11       7     110      13      13      29       1       0
     58      11       7     110      12      14      30       1       0
     58      11       7     110      11       8      20       1       1
     58      11       7     110      10       9      21       1       1
     58      11       7     110       9      10      22       1       1
     58      11       7     110       8      11      23       1       1

#Front Layer (L2 - m0): UVAUV L2 (vtp5)
## vtpcrate  slot  fiber  gemid  adc_ch   i2c   pos     invert   axis 
m2.chanmap
     58      11       8     120       0       3      29       1       1 
     58      11       8     120       1       2      28       1       1 
     58      11       8     120       2       1      27       1       1 
     58      11       8     120       3       0      26       1       1 
     58      11       8     120       4       7      25       1       1 
     58      11       8     120       5       6      24       1       1 
     58      11       8     120       6       5      23       1       1 
     58      11       8     120       7       4      22       1       1 
     58      11       8     120       8      11      21       1       1 
     58      11       8     120       9      10      20       1       1 
     58      11       8     120      10       9      19       1       1 
     58      11       8     120      11       8      18       1       1 
     58      11       8     120      12      14      17       1       1 
     58      11       8     120      13      13      16       1       1 
     58      11       8     120      14      12      15       1       1 
     58      11       9     120       0       3      11       1       1 
     58      11       9     120       1       2      10       1       1 
     58      11       9     120       2       1       9       1       1 
     58      11       9     120       3       0       8       1       1 
     58      11       9     120       4       7       7       1       1 
     58      11       9     120       5       6       6       1       1 
     58      11       9     120       6       5       5       1       1 
     58      11       9     120       7       4       4       1       1 
     58      11       9     120       8      11       3       1       1 
     58      11       9     120       9      10       2       1       1 
     58      11       9     120      10       9       1       1       1 
     58      11       9     120      11       8       0       1       1 
     58      11       9     120      12      14      14       1       1 
     58      11       9     120      13      13      13       1       1 
     58      11       9     120      14      12      12       1       1 
     58      11      10     120       0       3      26       0       0 
     58      11      10     120       1       2      27       0       0 
     58      11      10     120       2       1      28       0       0 
     58      11      10     120       3       0      29       0       0 
     58      11      10     120       4       7      22       0       0 
     58      11      10     120       5       6      23       0       0 
     58      11      10     120       6       5      24       0       0 
     58      11      10     120       7       4      25       0       0 
     58      11      10     120       8      11      18       0       0 
     58      11      10     120       9      10      19       0       0 
     58      11      10     120      10       9      20       0       0 
     58      11      10     120      11       8      21       0       0 
     58      11      10     120      12      15      15       0       0 
     58      11      10     120      13      14      16       0       0 
     58      11      10     120      14      13      17       0       0 
     58      11      11     120       0       3       8       0       0 
     58      11      11     120       1       2       9       0       0 
     58      11      11     120       2       1      10       0       0 
     58      11      11     120       3       0      11       0       0 
     58      11      11     120       4       7       4       0       0 
     58      11      11     120       5       6       5       0       0 
     58      11      11     120       6       5       6       0       0 
     58      11      11     120       7       4       7       0       0 
     58      11      11     120       8      11       0       0       0 
     58      11      11     120       9      10       1       0       0 
     58      11      11     120      10       9       2       0       0 
     58      11      11     120      11       8       3       0       0 
     58      11      11     120      12      15      12       0       0 
     58      11      11     120      13      14      13       0       0 
     58      11      11     120      14      13      14       0       0 

#Front Layer (L3 - m0): UVAUV L3 (vtp3)
## vtpcrate  slot  fiber  gemid  adc_ch   i2c   pos     invert   axis 
m3.chanmap
     20      11       0     130       0       3      29       1       1 
     20      11       0     130       1       2      28       1       1 
     20      11       0     130       2       1      27       1       1 
     20      11       0     130       3       0      26       1       1 
     20      11       0     130       4       7      25       1       1 
     20      11       0     130       5       6      24       1       1 
     20      11       0     130       6       5      23       1       1 
     20      11       0     130       7       4      22       1       1 
     20      11       0     130       8      11      21       1       1 
     20      11       0     130       9      10      20       1       1 
     20      11       0     130      10       9      19       1       1 
     20      11       0     130      11       8      18       1       1 
     20      11       0     130      12      14      17       1       1 
     20      11       0     130      13      13      16       1       1 
     20      11       0     130      14      12      15       1       1 
     20      11       1     130       0       3      11       1       1 
     20      11       1     130       1       2      10       1       1 
     20      11       1     130       2       1       9       1       1 
     20      11       1     130       3       0       8       1       1 
     20      11       1     130       4       7       7       1       1 
     20      11       1     130       5       6       6       1       1 
     20      11       1     130       6       5       5       1       1 
     20      11       1     130       7       4       4       1       1 
     20      11       1     130       8      11       3       1       1 
     20      11       1     130       9      10       2       1       1 
     20      11       1     130      10       9       1       1       1 
     20      11       1     130      11       8       0       1       1 
     20      11       1     130      12      14      14       1       1 
     20      11       1     130      13      13      13       1       1 
     20      11       1     130      14      12      12       1       1 
     20      11       2     130       0       3      26       0       0 
     20      11       2     130       1       2      27       0       0 
     20      11       2     130       2       1      28       0       0 
     20      11       2     130       3       0      29       0       0 
     20      11       2     130       4       7      22       0       0 
     20      11       2     130       5       6      23       0       0 
     20      11       2     130       6       5      24       0       0 
     20      11       2     130       7       4      25       0       0 
     20      11       2     130       8      11      18       0       0 
     20      11       2     130       9      10      19       0       0 
     20      11       2     130      10       9      20       0       0 
     20      11       2     130      11       8      21       0       0 
     20      11       2     130      12      14      15       0       0 
     20      11       2     130      13      13      16       0       0 
     20      11       2     130      14      12      17       0       0 
     20      11       3     130       0       3       8       0       0 
     20      11       3     130       1       2       9       0       0 
     20      11       3     130       2       1      10       0       0 
     20      11       3     130       3       0      11       0       0 
     20      11       3     130       4       7       4       0       0 
     20      11       3     130       5       6       5       0       0 
     20      11       3     130       6       5       6       0       0 
     20      11       3     130       7       4       7       0       0 
     20      11       3     130       8      11       0       0       0 
     20      11       3     130       9      10       1       0       0 
     20      11       3     130      10       9       2       0       0 
     20      11       3     130      11       8       3       0       0 
     20      11       3     130      12      14      12       0       0 
     20      11       3     130      13      13      13       0       0 
     20      11       3     130      14      12      14       0       0 

#Front Layer (L4 - m0): UVAUV L4 (vtp3)
## vtpcrate  slot  fiber  gemid  adc_ch   i2c   pos     invert   axis 
m4.chanmap
     20      11       4     140       0       3      29       1       1 
     20      11       4     140       1       2      28       1       1 
     20      11       4     140       2       1      27       1       1 
     20      11       4     140       3       0      26       1       1 
     20      11       4     140       4       7      25       1       1 
     20      11       4     140       5       6      24       1       1 
     20      11       4     140       6       5      23       1       1 
     20      11       4     140       7       4      22       1       1 
     20      11       4     140       8      11      21       1       1 
     20      11       4     140       9      10      20       1       1 
     20      11       4     140      10       9      19       1       1 
     20      11       4     140      11       8      18       1       1 
     20      11       4     140      12      14      17       1       1 
     20      11       4     140      13      13      16       1       1 
     20      11       4     140      14      12      15       1       1 
     20      11       5     140       0       3      11       1       1 
     20      11       5     140       1       2      10       1       1 
     20      11       5     140       2       1       9       1       1 
     20      11       5     140       3       0       8       1       1 
     20      11       5     140       4       7       7       1       1 
     20      11       5     140       5       6       6       1       1 
     20      11       5     140       6       5       5       1       1 
     20      11       5     140       7       4       4       1       1 
     20      11       5     140       8      11       3       1       1 
     20      11       5     140       9      10       2       1       1 
     20      11       5     140      10       9       1       1       1 
     20      11       5     140      11       8       0       1       1 
     20      11       5     140      12      14      14       1       1 
     20      11       5     140      13      13      13       1       1 
     20      11       5     140      14      12      12       1       1 
     20      11       6     140       0       3      26       0       0 
     20      11       6     140       1       2      27       0       0 
     20      11       6     140       2       1      28       0       0 
     20      11       6     140       3       0      29       0       0 
     20      11       6     140       4       7      22       0       0 
     20      11       6     140       5       6      23       0       0 
     20      11       6     140       6       5      24       0       0 
     20      11       6     140       7       4      25       0       0 
     20      11       6     140       8      11      18       0       0 
     20      11       6     140       9      10      19       0       0 
     20      11       6     140      10       9      20       0       0 
     20      11       6     140      11       8      21       0       0 
     20      11       6     140      12      14      15       0       0 
     20      11       6     140      13      13      16       0       0 
     20      11       6     140      14      12      17       0       0 
     20      11       8     140       0       3       8       0       0 
     20      11       8     140       1       2       9       0       0 
     20      11       8     140       2       1      10       0       0 
     20      11       8     140       3       0      11       0       0 
     20      11       8     140       4       7       4       0       0 
     20      11       8     140       5       6       5       0       0 
     20      11       8     140       6       5       6       0       0 
     20      11       8     140       7       4       7       0       0 
     20      11       8     140       8      11       0       0       0 
     20      11       8     140       9      10       1       0       0 
     20      11       8     140      10       9       2       0       0 
     20      11       8     140      11       8       3       0       0 
     20      11       8     140      12      14      12       0       0 
     20      11       8     140      13      13      13       0       0 
     20      11       8     140      14      12      14       0       0 

#Front Layer (L5 - m0): UVAUV L5 (vtp3/4)
## vtpcrate  slot  fiber  gemid  adc_ch   i2c   pos     invert   axis 
m5.chanmap 
     20      11       9     150       0       3      29       1       1 
     20      11       9     150       1       2      28       1       1 
     20      11       9     150       2       1      27       1       1 
     20      11       9     150       3       0      26       1       1 
     20      11       9     150       4       7      25       1       1 
     20      11       9     150       5       6      24       1       1 
     20      11       9     150       6       5      23       1       1 
     20      11       9     150       7       4      22       1       1 
     20      11       9     150       8      11      21       1       1 
     20      11       9     150       9      10      20       1       1 
     20      11       9     150      10       9      19       1       1 
     20      11       9     150      11       8      18       1       1 
     20      11       9     150      12      14      17       1       1 
     20      11       9     150      13      13      16       1       1 
     20      11       9     150      14      12      15       1       1 
     20      11      10     150       0       3      11       1       1 
     20      11      10     150       1       2      10       1       1 
     20      11      10     150       2       1       9       1       1 
     20      11      10     150       3       0       8       1       1 
     20      11      10     150       4       7       7       1       1 
     20      11      10     150       5       6       6       1       1 
     20      11      10     150       6       5       5       1       1 
     20      11      10     150       7       4       4       1       1 
     20      11      10     150       8      11       3       1       1 
     20      11      10     150       9      10       2       1       1 
     20      11      10     150      10       9       1       1       1 
     20      11      10     150      11       8       0       1       1 
     20      11      10     150      12      14      14       1       1 
     20      11      10     150      13      13      13       1       1 
     20      11      10     150      14      12      12       1       1 
     20      11      11     150       0       3      26       0       0 
     20      11      11     150       1       2      27       0       0 
     20      11      11     150       2       1      28       0       0 
     20      11      11     150       3       0      29       0       0 
     20      11      11     150       4       7      22       0       0 
     20      11      11     150       5       6      23       0       0 
     20      11      11     150       6       5      24       0       0 
     20      11      11     150       7       4      25       0       0 
     20      11      11     150       8      11      18       0       0 
     20      11      11     150       9      10      19       0       0 
     20      11      11     150      10       9      20       0       0 
     20      11      11     150      11       8      21       0       0 
     20      11      11     150      12      14      15       0       0 
     20      11      11     150      13      13      16       0       0 
     20      11      11     150      14      12      17       0       0 
     25      11       0     150       0       3       8       0       0 
     25      11       0     150       1       2       9       0       0 
     25      11       0     150       2       1      10       0       0 
     25      11       0     150       3       0      11       0       0 
     25      11       0     150       4       7       4       0       0 
     25      11       0     150       5       6       5       0       0 
     25      11       0     150       6       5       6       0       0 
     25      11       0     150       7       4       7       0       0 
     25      11       0     150       8      11       0       0       0 
     25      11       0     150       9      10       1       0       0 
     25      11       0     150      10       9       2       0       0 
     25      11       0     150      11       8       3       0       0 
     25      11       0     150      12      14      12       0       0 
     25      11       0     150      13      13      13       0       0 
     25      11       0     150      14      12      14       0       0 

#Front Layer (L6 - m0/1/2/3): UVAXY L6 (vtp4)
## vtpcrate  slot  fiber  gemid  adc_ch   i2c   pos     invert   axis 
m6.chanmap
     25      11       1     160       0      15       0       1       1 
     25      11       1     160       1      14       1       1       1 
     25      11       1     160       2      13       2       1       1 
     25      11       1     160       3      12       3       1       1 
     25      11       1     160       4      11       4       1       1 
     25      11       1     160       5      10       5       1       1 
     25      11       1     160       6       9       6       1       1 
     25      11       1     160       7       8       7       1       1 
     25      11       1     160       8       7       8       1       1 
     25      11       1     160       9       6       9       1       1 
     25      11       1     160      10       5      10       1       1 
     25      11       1     160      11       4      11       1       1 
     25      11       5     160      10       4       9       1       0 
     25      11       5     160      11       3       8       1       0 
     25      11       5     160      12       2       7       1       0 
     25      11       5     160      13       1       6       1       0 
     25      11       5     160      14       0       5       1       0 
     25      11       6     160       0       4       0       0       0 
     25      11       6     160       1       3       1       0       0 
     25      11       6     160       2       2       2       0       0 
     25      11       6     160       3       1       3       0       0 
     25      11       6     160       4       0       4       0       0 
## vtpcrate  slot  fiber  gemid  adc_ch   i2c   pos     invert   axis 
m7.chanmap
     25      11       2     161       0      15       0       1       1 
     25      11       2     161       1      14       1       1       1 
     25      11       2     161       2      13       2       1       1 
     25      11       2     161       3      12       3       1       1 
     25      11       2     161       4      11       4       1       1 
     25      11       2     161       5      10       5       1       1 
     25      11       2     161       6       9       6       1       1 
     25      11       2     161       7       8       7       1       1 
     25      11       2     161       8       7       8       1       1 
     25      11       2     161       9       6       9       1       1 
     25      11       2     161      10       5      10       1       1 
     25      11       2     161      11       4      11       1       1 
     25      11       5     161       5      12       9       1       0 
     25      11       5     161       6      11       8       1       0 
     25      11       5     161       7      10       7       1       0 
     25      11       5     161       8       9       6       1       0 
     25      11       5     161       9       8       5       1       0 
     25      11       6     161       5      12       0       0       0 
     25      11       6     161       6      11       1       0       0 
     25      11       6     161       7      10       2       0       0 
     25      11       6     161       8       9       3       0       0 
     25      11       6     161       9       8       4       0       0 
## vtpcrate  slot  fiber  gemid  adc_ch   i2c   pos     invert   axis 
m8.chanmap
     25      11       3     162       0      15      11       0       1 
     25      11       3     162       1      14      10       0       1 
     25      11       3     162       2      13       9       0       1 
     25      11       3     162       3      12       8       0       1 
     25      11       3     162       4      11       7       0       1 
     25      11       3     162       5      10       6       0       1 
     25      11       3     162       6       9       5       0       1 
     25      11       3     162       7       8       4       0       1 
     25      11       3     162       8       7       3       0       1 
     25      11       3     162       9       6       2       0       1 
     25      11       3     162      10       5       1       0       1 
     25      11       3     162      11       4       0       0       1 
     25      11       5     162       0      20       9       1       0 
     25      11       5     162       1      19       8       1       0 
     25      11       5     162       2      18       7       1       0 
     25      11       5     162       3      17       6       1       0 
     25      11       5     162       4      16       5       1       0 
     25      11       6     162      10      20       0       0       0 
     25      11       6     162      11      19       1       0       0 
     25      11       6     162      12      18       2       0       0 
     25      11       6     162      13      17       3       0       0 
     25      11       6     162      14      16       4       0       0 
## vtpcrate  slot  fiber  gemid  adc_ch   i2c   pos     invert   axis 
m9.chanmap
     25      11       4     163       0      15      11       0       1 
     25      11       4     163       1      14      10       0       1 
     25      11       4     163       2      13       9       0       1 
     25      11       4     163       3      12       8       0       1 
     25      11       4     163       4      11       7       0       1 
     25      11       4     163       5      10       6       0       1 
     25      11       4     163       6       9       5       0       1 
     25      11       4     163       7       8       4       0       1 
     25      11       4     163       8       7       3       0       1 
     25      11       4     163       9       6       2       0       1 
     25      11       4     163      10       5       1       0       1 
     25      11       4     163      11       4       0       0       1 
     25      11       7     163       0       4       9       1       0 
     25      11       7     163       1       3       8       1       0 
     25      11       7     163       2       2       7       1       0 
     25      11       7     163       3       1       6       1       0 
     25      11       7     163       4       0       5       1       0 
     25      11       7     163       8      12       0       0       0 
     25      11       7     163       9      11       1       0       0 
     25      11       7     163      10      10       2       0       0 
     25      11       7     163      11       9       3       0       0 
     25      11       7     163      12       8       4       0       0 

#Front Layer (L7 - m0/1/2/3): UVAXY L7 (vtp2)
## vtpcrate  slot  fiber  gemid  adc_ch   i2c   pos     invert   axis 
m10.chanmap
     24      11       0     170       0      15       0       1       1 
     24      11       0     170       1      14       1       1       1 
     24      11       0     170       2      13       2       1       1 
     24      11       0     170       3      12       3       1       1 
     24      11       0     170       4      11       4       1       1 
     24      11       0     170       5      10       5       1       1 
     24      11       0     170       6       9       6       1       1 
     24      11       0     170       7       8       7       1       1 
     24      11       0     170       8       7       8       1       1 
     24      11       0     170       9       6       9       1       1 
     24      11       0     170      10       5      10       1       1 
     24      11       0     170      11       4      11       1       1 
     24      11       4     170      10       4       9       1       0 
     24      11       4     170      11       3       8       1       0 
     24      11       4     170      12       2       7       1       0 
     24      11       4     170      13       1       6       1       0 
     24      11       4     170      14       0       5       1       0 
     24      11       5     170       0       4       0       0       0 
     24      11       5     170       1       3       1       0       0 
     24      11       5     170       2       2       2       0       0 
     24      11       5     170       3       1       3       0       0 
     24      11       5     170       4       0       4       0       0 
## vtpcrate  slot  fiber  gemid  adc_ch   i2c   pos     invert   axis 
m11.chanmap
     24      11       1     171       0      15       0       1       1 
     24      11       1     171       1      14       1       1       1 
     24      11       1     171       2      13       2       1       1 
     24      11       1     171       3      12       3       1       1 
     24      11       1     171       4      11       4       1       1 
     24      11       1     171       5      10       5       1       1 
     24      11       1     171       6       9       6       1       1 
     24      11       1     171       7       8       7       1       1 
     24      11       1     171       8       7       8       1       1 
     24      11       1     171       9       6       9       1       1 
     24      11       1     171      10       5      10       1       1 
     24      11       1     171      11       4      11       1       1 
     24      11       4     171       5      12       9       1       0 
     24      11       4     171       6      11       8       1       0 
     24      11       4     171       7      10       7       1       0 
     24      11       4     171       8       9       6       1       0 
     24      11       4     171       9       8       5       1       0 
     24      11       5     171       5      12       0       0       0 
     24      11       5     171       6      11       1       0       0 
     24      11       5     171       7      10       2       0       0 
     24      11       5     171       8       9       3       0       0 
     24      11       5     171       9       8       4       0       0 
## vtpcrate  slot  fiber  gemid  adc_ch   i2c   pos     invert   axis 
m12.chanmap
     24      11       2     172       0      15      11       0       1 
     24      11       2     172       1      14      10       0       1 
     24      11       2     172       2      13       9       0       1 
     24      11       2     172       3      12       8       0       1 
     24      11       2     172       4      11       7       0       1 
     24      11       2     172       5      10       6       0       1 
     24      11       2     172       6       9       5       0       1 
     24      11       2     172       7       8       4       0       1 
     24      11       2     172       8       7       3       0       1 
     24      11       2     172       9       6       2       0       1 
     24      11       2     172      10       5       1       0       1 
     24      11       2     172      11       4       0       0       1 
     24      11       4     172       0      20       9       1       0 
     24      11       4     172       1      19       8       1       0 
     24      11       4     172       2      18       7       1       0 
     24      11       4     172       3      17       6       1       0 
     24      11       4     172       4      16       5       1       0 
     24      11       5     172      10      20       0       0       0 
     24      11       5     172      11      19       1       0       0 
     24      11       5     172      12      18       2       0       0 
     24      11       5     172      13      17       3       0       0 
     24      11       5     172      14      16       4       0       0 
## vtpcrate  slot  fiber  gemid  adc_ch   i2c   pos     invert   axis 
m13.chanmap
     24      11       3     173       0      15      11       0       1 
     24      11       3     173       1      14      10       0       1 
     24      11       3     173       2      13       9       0       1 
     24      11       3     173       3      12       8       0       1 
     24      11       3     173       4      11       7       0       1 
     24      11       3     173       5      10       6       0       1 
     24      11       3     173       6       9       5       0       1 
     24      11       3     173       7       8       4       0       1 
     24      11       3     173       8       7       3       0       1 
     24      11       3     173       9       6       2       0       1 
     24      11       3     173      10       5       1       0       1 
     24      11       3     173      11       4       0       0       1 
     24      11       6     173       0       4       9       1       0 
     24      11       6     173       1       3       8       1       0 
     24      11       6     173       2       2       7       1       0 
     24      11       6     173       3       1       6       1       0 
     24      11       6     173       4       0       5       1       0 
     24      11       6     173       8      12       0       0       0 
     24      11       6     173       9      11       1       0       0 
     24      11       6     173      10      10       2       0       0 
     24      11       6     173      11       9       3       0       0 
     24      11       6     173      12       8       4       0       0 



# Define APV mapping configurations: 0 = INFN, 1 = UVA X/Y, 2 = UVA U/V or X/W
m0.apvmap 2
m1.apvmap 2
m2.apvmap 2
m3.apvmap 2
m4.apvmap 2
m5.apvmap 2
m6.apvmap 1
m7.apvmap 1
m8.apvmap 1
m9.apvmap 1
m10.apvmap 1
m11.apvmap 1
m12.apvmap 1
m13.apvmap 1